AGO 0.05234034486042795 0.0309884793108558 0.4327247406827525
ARE 0.012494933515155874 0.925497893550054 1.0957589890321604
ARG 0.13079758932120758 0.18676098530103724 0.12936171166664923
AUS 0.06844640645948798 0.6758774691244723 4.409436409317477
BEL 0.03684882205869716 1.0629570115968974 0.6111510384022739
BOL 0.03075983091036806 0.02615524886018453 0.12620042921399294
BRB 0.0009430266518443869 0.32751685509733536 1.9666092129934472
CAN 0.10928836718748408 0.7341804819762677 2.295859994516957
CHE 0.025390410578964597 1.1977881923590463 2.493840412115844
CHL 0.05499351881989644 0.1583464334989076 0.22109465977450965
CHN 4.447844852147584 0.034308732083423325 1.6070400300326562
COL 0.14343352229195033 0.07335399409087702 0.5915122771987184
CPV 0.0016497948169523127 0.05314562049633874 0.7206449882055538
CRI 0.014201150250499959 0.11094281759562188 0.6513743382779287
CUB 0.03896085850713213 0.08336616098947856 1.703080181109364
CYP 0.0035905866581014113 0.4258264779485907 1.880330808669972
DEU 0.2864857497034448 0.7668072834779314 1.3536014702784234
DNK 0.01876034435088673 1.0608393756458916 4.949822393106218
DZA 0.11753092508409023 0.07064450355701149 1.5161448320290367
ECU 0.045359130602190934 0.0624628962943536 0.5773705414549438
ESP 0.14557488612139358 0.5274152418913867 1.3747174578737897
FRA 0.21531354111342554 0.7420022420227561 2.05233469743592
GBR 0.2072794157273785 0.8328817295399239 2.089080918532031
GHA 0.07448174555316431 0.016996372449494493 0.5685837685309401
GRC 0.038225165732972 0.44849154690457294 3.64090674355094
GTM 0.04112027496955556 0.04889659548844019 1.0092447519653773
GUY 0.0026134983776931243 0.028333709306251873 0.9683148511584535
HKG 0.02337204253307516 0.6681302871387074 0.979784262310452
HND 0.022637358701452625 0.030710636607181176 0.9765403258419245
HTI 0.03127958015730032 0.011272696742726062 1.2373181351277234
HUN 0.035248439065256584 0.22378892714805876 4.768140724810254
IDN 0.7491384152777864 0.027043781629666256 2.3546573678171834
IND 3.745039675766794 0.015233477771964637 4.470332302026403
IRL 0.01381012013826878 0.958393934798195 3.961367220957485
ISR 0.022748313864042632 0.5144313776203426 4.1671314961234325
ITA 0.19973712802607682 0.6730272100865826 1.338552294038447
JAM 0.009079156969874389 0.09603774830518369 1.015751071039157
JPN 0.442797289615634 0.8706135609125818 2.6764347238318864
KWT 0.008062178922407195 0.8759650922343509 2.5821608230793966
MAR 0.1019765371705934 0.043435293395201885 0.9869978434159196
MEX 0.37075579774140943 0.17428905806256945 0.9389763656688638
MYS 0.08481892183128806 0.11957680918468883 1.5906900053552215
NGA 0.45166620684516634 0.014321601869155992 0.6325969174042069
NIC 0.01823017563435113 0.026963549538227848 2.488586000424637
NZL 0.01385277606210438 0.5186783229359774 8.727971477278615
PAK 0.5325653366744594 0.016197692009256182 5.249606252020734
PAN 0.011068195597859412 0.10764932068979427 0.5354045614404535
PER 0.0927967455984045 0.06119558166367139 0.5483057497899312
PHL 0.2816128255136206 0.02916950725599849 2.5632528246073614
PRT 0.03609428392176886 0.3884053628425238 0.8474945376255562
PRY 0.019394847177678205 0.040482795125687684 0.0662790691317078
RUS 0.5053199067064648 0.09425226435565762 1.0938747007141574
SGP 0.014416479666125463 0.6745919097707052 1.152680789395338
SLV 0.020884816460777972 0.06300361156730983 1.4111337046776171
SUR 0.0016810103978214044 0.07632972766585704 0.9074246178927219
SWE 0.031190542489684146 0.9398253535193155 2.843676741301003
THA 0.22119064361629495 0.061152904918454785 1.6550176121058144
TTO 0.004458606319859381 0.22507891980854364 0.382884122938444
TUR 0.22620013701267658 0.13221505163267666 2.991877017276537
URY 0.011545942337109219 0.15155569341224517 0.15127762525118593
USA 1.0 1.0 1.0
VNM 0.2834285032351004 0.015863666756478136 5.140035661667657
ZAF 0.15780410012713514 0.09910114604441818 1.177861831918991
